8
13
10
9
14
2
7
37
17
18
38
5
12
11
1
33
34
30
21
31
32
22
29
25
26
19
15
16
23
24
35
36
20
27
28
3
4
6
1
2
3
4
5
6
7
8
9
11
10
12
13
14
15
16
17
18
19
21
20
22
23
25
24
26
27
28
29
30
31
32
33
34
35
36
37
38
6
3
8
7
13
2
14
1
5
4
12
11
9
10
15
16
20
18
17
23
22
25
27
21
26
19
24
29
28
30
31
32
34
33
36
35
37
38
1
2
3
4
5
6
7
8
9
10
11
12
14
13
16
15
17
18
19
20
21
22
23
24
25
26
27
28
29
30
31
32
33
34
35
36
37
38
1
2
3
4
5
6
7
8
9
10
11
12
13
14
15
16
17
18
19
20
21
22
23
24
36
27
26
34
25
35
29
30
31
28
38
37
32
33
1
3
2
4
5
6
7
9
8
10
36
25
16
17
14
18
12
13
19
35
32
31
37
21
29
20
28
30
22
23
34
33
27
26
11
15
24
38
