1
4
5
3
2
12
13
29
28
31
30
7
6
15
14
17
16
35
32
34
33
19
18
21
20
23
22
8
9
11
10
25
24
27
26
37
36
38
1
2
3
5
4
6
7
8
9
10
11
12
13
14
15
16
17
18
19
20
21
22
23
24
25
26
27
28
29
30
31
32
33
34
35
36
37
38
1
2
3
4
5
6
7
8
9
10
11
12
13
14
15
16
17
18
19
20
21
22
23
24
25
26
27
28
29
30
31
32
33
34
35
36
37
38
14
21
18
17
15
20
19
16
3
9
8
12
13
11
7
6
1
2
5
4
10
22
23
27
26
29
24
30
28
25
36
35
31
33
32
34
37
38
1
2
3
4
6
12
10
13
9
5
11
8
7
17
14
20
19
15
16
18
21
22
23
24
27
25
26
30
28
29
31
32
33
37
38
35
34
36
