25
26
11
34
33
17
29
18
12
37
30
4
16
5
21
38
15
8
10
9
6
7
23
24
35
31
36
32
2
3
28
13
14
27
22
20
19
1
3
1
2
4
5
6
7
8
9
10
11
12
13
14
15
16
17
18
19
20
21
22
23
25
24
26
27
28
29
31
30
32
33
34
35
36
37
38
14
2
6
3
5
4
7
1
15
16
8
9
13
12
11
10
29
27
18
19
28
17
24
30
31
21
22
23
26
25
20
32
34
35
37
38
33
36
1
2
3
4
5
6
7
8
9
10
11
12
13
14
15
16
17
18
19
20
21
22
23
24
25
26
27
28
29
30
31
32
33
34
35
36
37
38
3
4
1
2
6
7
5
8
9
10
12
11
13
15
14
16
17
18
19
21
20
22
23
25
24
26
27
28
29
30
31
32
33
34
35
36
37
38
